{
  "asset": {
    "version": "2.0",
    "generator": "GLTFExporter"
  },
  "scenes": [
    {
      "name": "AuxScene",
      "nodes": [
        50
      ]
    }
  ],
  "scene": 0,
  "nodes": [
    {
      "name": "imp_inf_stormtrooper",
      "extras": {
        "transformData": {
          "eulerOrder": "ZYX",
          "parentMatrixWorld": {
            "elements": [
              1,
              0,
              0,
              0,
              0,
              1,
              0,
              0,
              0,
              0,
              1,
              0,
              0,
              -1.0293145147152245,
              -0.00014000385999679565,
              1
            ]
          }
        }
      },
      "mesh": 0,
      "skin": 0
    },
    {
      "translation": [
        0,
        0.33399760723114014,
        0.04535815492272377
      ],
      "name": "mixamorigHeadTop_End",
      "extras": {
        "transformData": {
          "eulerOrder": "ZYX",
          "translation": [
            0,
            0.33399760723114014,
            0.04535815492272377
          ],
          "parentMatrixWorld": {
            "elements": [
              0.9744311389712279,
              0.03972211716712444,
              -0.22114725424148865,
              0,
              -0.09537108824417333,
              0.9643050897378885,
              -0.2470223641338688,
              0,
              0.20344117129507114,
              0.26179733815095374,
              0.9434372485198056,
              0,
              0,
              0.02337169647216797,
              0.0031739622354507446,
              1
            ]
          }
        }
      }
    },
    {
      "rotation": [
        -0.1291208742937541,
        0.10774588419848698,
        0.034281991667233426,
        0.9851615880621315
      ],
      "translation": [
        0,
        0.02337169647216797,
        0.0031739622354507446
      ],
      "name": "mixamorigHead",
      "extras": {
        "transformData": {
          "eulerOrder": "ZYX",
          "translation": [
            0,
            0.02337169647216797,
            0.0031739622354507446
          ],
          "parentMatrixWorld": {
            "elements": [
              0.9988578405403119,
              0.021409049360348965,
              -0.04271612166130991,
              0,
              -0.0194128891414242,
              0.998724481126388,
              0.0466106274723785,
              0,
              0.043659525644244725,
              -0.04572814738946038,
              0.9979993900047985,
              0,
              0,
              0.16501976314211042,
              -3.7710680411695563e-10,
              1
            ]
          }
        }
      },
      "children": [
        1
      ]
    },
    {
      "rotation": [
        0.023097453372208244,
        0.021605847479776952,
        0.010211125526829208,
        0.9994475730054345
      ],
      "translation": [
        0,
        0.16501976314211042,
        -3.7710680411695563e-10
      ],
      "name": "mixamorigNeck",
      "extras": {
        "transformData": {
          "eulerOrder": "ZYX",
          "translation": [
            0,
            0.16501976314211042,
            -3.7710680411695563e-10
          ],
          "preRotation": [
            5.646238011693372,
            0,
            0
          ],
          "parentMatrixWorld": {
            "elements": [
              0.99688294971048,
              0.007352031328691383,
              0.07855146216550762,
              0,
              -0.01465846947218011,
              0.9955724438060655,
              0.09284739307988142,
              0,
              -0.07752105420935915,
              -0.09370942729703767,
              0.9925769639587206,
              0,
              0,
              0.1466842773956658,
              6.909127298060369e-10,
              1
            ]
          }
        }
      },
      "children": [
        2
      ]
    },
    {
      "rotation": [
        2.865485558265841e-9,
        2.7755575288218413e-17,
        -2.7755575447284813e-17,
        1
      ],
      "translation": [
        0.008806033533380109,
        0.02544634699715209,
        -3.6059444319391787e-10
      ],
      "name": "mixamorigLeftHandThumb4",
      "extras": {
        "transformData": {
          "eulerOrder": "ZYX",
          "translation": [
            0.008806033533380109,
            0.02544634699715209,
            -3.6059444319391787e-10
          ],
          "preRotation": [
            3.283604574886425e-7,
            3.1805546530588704e-15,
            -3.1805546530588704e-15
          ],
          "parentMatrixWorld": {
            "elements": [
              0.9898445978078391,
              0.08131205049665846,
              0.11660198484393991,
              0,
              -0.04460434161935689,
              0.9564850633366822,
              -0.2883518290716501,
              0,
              -0.13497453513245095,
              0.2802225456031175,
              0.9503984432587743,
              0,
              0.001992032650085851,
              0.036504874878933585,
              8.097895687342316e-10,
              1
            ]
          }
        }
      }
    },
    {
      "rotation": [
        -0.14401483535766602,
        -0.06372209638357162,
        0.03189350292086601,
        0.9870066046714783
      ],
      "translation": [
        0.001992032650085851,
        0.036504874878933585,
        8.097895687342316e-10
      ],
      "name": "mixamorigLeftHandThumb3",
      "extras": {
        "transformData": {
          "eulerOrder": "ZYX",
          "translation": [
            0.001992032650085851,
            0.036504874878933585,
            8.097895687342316e-10
          ],
          "preRotation": [
            -14.054534774164223,
            -1.5902773407317584e-15,
            0
          ],
          "parentMatrixWorld": {
            "elements": [
              0.9857972866541982,
              -0.16162844322561612,
              -0.045606542512843795,
              0,
              0.15954296252711983,
              0.9861099664648856,
              -0.046186338720206166,
              0,
              0.052438091952149435,
              0.038254164698387605,
              0.9978912092546173,
              0,
              -0.010798064422934739,
              0.04435330255949811,
              -9.774177023302855e-10,
              1
            ]
          }
        }
      },
      "children": [
        4
      ]
    },
    {
      "rotation": [
        -0.021190274506807327,
        0.02460421994328499,
        -0.08059769868850708,
        0.996217668056488
      ],
      "translation": [
        -0.010798064422934739,
        0.04435330255949811,
        -9.774177023302855e-10
      ],
      "name": "mixamorigLeftHandThumb2",
      "extras": {
        "transformData": {
          "eulerOrder": "ZYX",
          "translation": [
            -0.010798064422934739,
            0.04435330255949811,
            -9.774177023302855e-10
          ],
          "preRotation": [
            -3.976996371728782,
            -1.5902773407317588e-15,
            -3.1805546814635176e-15
          ],
          "parentMatrixWorld": {
            "elements": [
              0.999433409496205,
              0.02172660881953245,
              0.025706310650059655,
              0,
              -0.029400471694526444,
              0.9353421480717021,
              0.35252045784214503,
              0,
              -0.016385121365852157,
              -0.35307650077893776,
              0.9354509646670985,
              0,
              -0.012239269750951687,
              0.04984823394667148,
              0.024926169950835853,
              1
            ]
          }
        }
      },
      "children": [
        5
      ]
    },
    {
      "rotation": [
        0.17933230102062225,
        -0.010697825811803341,
        0.012994297780096531,
        0.9836445450782776
      ],
      "translation": [
        -0.012239269750951687,
        0.04984823394667148,
        0.024926169950835853
      ],
      "scale": [
        1,
        0.9999999999999999,
        1
      ],
      "name": "mixamorigLeftHandThumb1",
      "extras": {
        "transformData": {
          "eulerOrder": "ZYX",
          "translation": [
            -0.012239269750951687,
            0.04984823394667148,
            0.024926169950835853
          ],
          "preRotation": [
            26.717389710818452,
            0.0000010043702969454068,
            -1.4508918229933185
          ],
          "parentMatrixWorld": {
            "elements": [
              0.7990174482426275,
              0.5973931608100679,
              -0.06850206174982854,
              0,
              -0.4816258755059875,
              0.5676112438662804,
              -0.6677229962466855,
              0,
              -0.36001060691278525,
              0.5665146909753677,
              0.7412512883693058,
              0,
              1.402692871577127e-9,
              0.2752581879771278,
              -3.195643749620558e-10,
              1
            ]
          }
        }
      },
      "children": [
        6
      ]
    },
    {
      "rotation": [
        2.3989104976077455e-8,
        -1.3877788784923495e-17,
        -2.775557590526841e-17,
        0.9999999999999996
      ],
      "translation": [
        0.00020792442922545895,
        0.02559997409650594,
        2.3192625597800998e-10
      ],
      "name": "mixamorigLeftHandIndex4",
      "extras": {
        "transformData": {
          "eulerOrder": "ZYX",
          "translation": [
            0.00020792442922545895,
            0.02559997409650594,
            2.3192625597800998e-10
          ],
          "preRotation": [
            0.0000027489489388510398,
            -1.5902773764015447e-15,
            -3.1805547528030893e-15
          ],
          "parentMatrixWorld": {
            "elements": [
              0.9974980172453527,
              -0.06555859764225652,
              -0.026453282370461836,
              0,
              0.06313180247748323,
              0.6576843196225879,
              0.7506435570489665,
              0,
              -0.03181322663507603,
              -0.7504355032235359,
              0.6601776369530286,
              0,
              0.00005285623259454475,
              0.0334394662452121,
              -7.444926897193227e-10,
              1
            ]
          }
        }
      }
    },
    {
      "rotation": [
        0.4122002124786377,
        -0.0014718546299263835,
        -0.03533871844410896,
        0.9104065299034119
      ],
      "translation": [
        0.00005285623259454475,
        0.0334394662452121,
        -7.444926897193227e-10
      ],
      "name": "mixamorigLeftHandIndex3",
      "extras": {
        "transformData": {
          "eulerOrder": "ZYX",
          "translation": [
            0.00005285623259454475,
            0.0334394662452121,
            -7.444926897193227e-10
          ],
          "preRotation": [
            17.45949347905875,
            3.1805546814635176e-15,
            3.1805546814635176e-15
          ],
          "parentMatrixWorld": {
            "elements": [
              0.9968120043718732,
              -0.06841187877491026,
              -0.04105658392366998,
              0,
              0.07010570723697254,
              0.5053287919126345,
              0.8600744436159616,
              0,
              -0.03809223088502786,
              -0.8602108308961177,
              0.5085138687774475,
              0,
              -0.0002607819603164252,
              0.03286642882200441,
              1.068771071643937e-9,
              1
            ]
          }
        }
      },
      "children": [
        8
      ]
    },
    {
      "rotation": [
        0.49572405219078064,
        0.0008542194264009595,
        -0.03991576284170151,
        0.867561936378479
      ],
      "translation": [
        -0.0002607819603164252,
        0.03286642882200441,
        1.068771071643937e-9
      ],
      "name": "mixamorigLeftHandIndex2",
      "extras": {
        "transformData": {
          "eulerOrder": "ZYX",
          "translation": [
            -0.0002607819603164252,
            0.03286642882200441,
            1.068771071643937e-9
          ],
          "preRotation": [
            28.061516085404655,
            0,
            -3.975693351829396e-16
          ],
          "parentMatrixWorld": {
            "elements": [
              0.9557102286964144,
              -0.29403277369024927,
              -0.012755015481000775,
              0,
              0.0420447069510832,
              0.09350911946039797,
              0.9947302961516349,
              0,
              -0.2912905852259895,
              -0.9512102015120214,
              0.10173014157951421,
              0,
              -0.023626467573149068,
              0.12659377800014215,
              -0.002056427283450679,
              1
            ]
          }
        }
      },
      "children": [
        9
      ]
    },
    {
      "rotation": [
        0.6634137034416199,
        -0.09495887160301208,
        -0.11457616835832596,
        0.733305811882019
      ],
      "translation": [
        -0.023626467573149068,
        0.12659377800014215,
        -0.002056427283450679
      ],
      "name": "mixamorigLeftHandIndex1",
      "extras": {
        "transformData": {
          "eulerOrder": "ZYX",
          "translation": [
            -0.023626467573149068,
            0.12659377800014215,
            -0.002056427283450679
          ],
          "preRotation": [
            9.335152205666853,
            -5.537238170516451e-7,
            -32.675635247933016
          ],
          "parentMatrixWorld": {
            "elements": [
              0.7990174482426275,
              0.5973931608100679,
              -0.06850206174982854,
              0,
              -0.4816258755059875,
              0.5676112438662804,
              -0.6677229962466855,
              0,
              -0.36001060691278525,
              0.5665146909753677,
              0.7412512883693058,
              0,
              1.402692871577127e-9,
              0.2752581879771278,
              -3.195643749620558e-10,
              1
            ]
          }
        }
      },
      "children": [
        10
      ]
    },
    {
      "rotation": [
        -1.3553831482296955e-8,
        -3.7619439561627847e-25,
        2.775557569146678e-17,
        0.9999999999999998
      ],
      "translation": [
        -0.00003667498763459953,
        0.01798762777051302,
        -1.798272641906351e-10
      ],
      "name": "mixamorigLeftHandMiddle4",
      "extras": {
        "transformData": {
          "eulerOrder": "ZYX",
          "translation": [
            -0.00003667498763459953,
            0.01798762777051302,
            -1.798272641906351e-10
          ],
          "preRotation": [
            -0.0000015531546803343198,
            0,
            3.180554690153896e-15
          ],
          "parentMatrixWorld": {
            "elements": [
              0.999703617945936,
              0.0070205671735018155,
              -0.023310681664620955,
              0,
              0.012904951385094883,
              0.6590984953176334,
              0.7519458820892937,
              0,
              0.020643121683875342,
              -0.7520238420408358,
              0.6588125502740906,
              0,
              -0.0010085383799247616,
              0.022778968033359548,
              6.28867846685921e-10,
              1
            ]
          }
        }
      }
    },
    {
      "rotation": [
        0.4128536581993103,
        0.012065727263689041,
        -0.001615318120457232,
        0.9107159972190857
      ],
      "translation": [
        -0.0010085383799247616,
        0.022778968033359548,
        6.28867846685921e-10
      ],
      "scale": [
        1,
        0.9999999999999999,
        0.9999999999999999
      ],
      "name": "mixamorigLeftHandMiddle3",
      "extras": {
        "transformData": {
          "eulerOrder": "ZYX",
          "translation": [
            -0.0010085383799247616,
            0.022778968033359548,
            6.28867846685921e-10
          ],
          "preRotation": [
            -17.184999112594856,
            -1.5902773407317584e-15,
            3.1805546814635168e-15
          ],
          "parentMatrixWorld": {
            "elements": [
              0.9882197806550007,
              -0.13423374064864912,
              -0.07350488078317902,
              0,
              0.13080472219914174,
              0.49150392734003645,
              0.8609959307137868,
              0,
              -0.0794467700909452,
              -0.8604679952948661,
              0.503272310916796,
              0,
              0.00104521167180871,
              0.01540813360255855,
              3.991686980953091e-10,
              1
            ]
          }
        }
      },
      "children": [
        12
      ]
    },
    {
      "rotation": [
        0.49835819005966187,
        -0.0017201575683429837,
        -0.07672777026891708,
        0.863567590713501
      ],
      "translation": [
        0.00104521167180871,
        0.01540813360255855,
        3.991686980953091e-10
      ],
      "name": "mixamorigLeftHandMiddle2",
      "extras": {
        "transformData": {
          "eulerOrder": "ZYX",
          "translation": [
            0.00104521167180871,
            0.01540813360255855,
            3.991686980953091e-10
          ],
          "preRotation": [
            42.17724096339629,
            0,
            0
          ],
          "parentMatrixWorld": {
            "elements": [
              0.9532044833641903,
              -0.29797651900341915,
              0.05109997500245811,
              0,
              -0.024413783989543518,
              0.09260385291880223,
              0.9954036878974066,
              0,
              -0.30133897934711124,
              -0.9500708020200658,
              0.08099567324908984,
              0,
              0.023626469641457093,
              0.1123123761677739,
              0.00003571337606489422,
              1
            ]
          }
        }
      },
      "children": [
        13
      ]
    },
    {
      "rotation": [
        0.667009174823761,
        -0.12083428353071213,
        -0.09379144012928009,
        0.7291783094406128
      ],
      "translation": [
        0.023626469641457093,
        0.1123123761677739,
        0.00003571337606489422
      ],
      "scale": [
        1,
        0.9999999999999998,
        0.9999999999999999
      ],
      "name": "mixamorigLeftHandMiddle1",
      "extras": {
        "transformData": {
          "eulerOrder": "ZYX",
          "translation": [
            0.023626469641457093,
            0.1123123761677739,
            0.00003571337606489422
          ],
          "preRotation": [
            6.504814547631065,
            -1.3901501551840717e-7,
            -19.80351993160421
          ],
          "parentMatrixWorld": {
            "elements": [
              0.7990174482426275,
              0.5973931608100679,
              -0.06850206174982854,
              0,
              -0.4816258755059875,
              0.5676112438662804,
              -0.6677229962466855,
              0,
              -0.36001060691278525,
              0.5665146909753677,
              0.7412512883693058,
              0,
              1.402692871577127e-9,
              0.2752581879771278,
              -3.195643749620558e-10,
              1
            ]
          }
        }
      },
      "children": [
        14
      ]
    },
    {
      "rotation": [
        -0.35005532277307294,
        -0.08267784959459663,
        0.3060321046313597,
        0.8814590201376262
      ],
      "translation": [
        1.402692871577127e-9,
        0.2752581879771278,
        -3.195643749620558e-10
      ],
      "scale": [
        1,
        1,
        0.9999999999999999
      ],
      "name": "mixamorigLeftHand",
      "extras": {
        "transformData": {
          "eulerOrder": "ZYX",
          "translation": [
            1.402692871577127e-9,
            0.2752581879771278,
            -3.195643749620558e-10
          ],
          "preRotation": [
            -1.6127674667878638,
            -23.15271922113252,
            17.434479303799257
          ],
          "parentMatrixWorld": {
            "elements": [
              -0.07067627478458638,
              0.9919347523346139,
              0.10521535489254283,
              0,
              -0.9921735729280688,
              -0.08079189790905827,
              0.09520624793331961,
              0,
              0.10293893810140914,
              -0.09766307169682262,
              0.9898815581005667,
              0,
              8.400392326191053e-10,
              0.2813488167670241,
              5.89807314099744e-10,
              1
            ]
          }
        }
      },
      "children": [
        7,
        11,
        15
      ]
    },
    {
      "rotation": [
        0.07112324694483727,
        -0.0008394603864194442,
        0.7316675698010353,
        0.6779405043885667
      ],
      "translation": [
        8.400392326191053e-10,
        0.2813488167670241,
        5.89807314099744e-10
      ],
      "name": "mixamorigLeftForeArm",
      "extras": {
        "transformData": {
          "eulerOrder": "ZYX",
          "translation": [
            8.400392326191053e-10,
            0.2813488167670241,
            5.89807314099744e-10
          ],
          "preRotation": [
            -1.1819171567593287,
            0.000001016175123151516,
            13.69229014639276
          ],
          "parentMatrixWorld": {
            "elements": [
              0.6673999190337286,
              0.330025101278016,
              0.6675782851279918,
              0,
              -0.6039576151821486,
              0.7643189638657228,
              0.2259462563127526,
              0,
              -0.43567480224530636,
              -0.5539855090204902,
              0.7094275934900496,
              0,
              -9.682125934329378e-11,
              0.1446868035832706,
              -9.326344141413756e-10,
              1
            ]
          }
        }
      },
      "children": [
        16
      ]
    },
    {
      "rotation": [
        0.22003031704628584,
        -0.3112440567070898,
        0.26349037486718474,
        0.8861639793587802
      ],
      "translation": [
        -9.682125934329378e-11,
        0.1446868035832706,
        -9.326344141413756e-10
      ],
      "name": "mixamorigLeftArm",
      "extras": {
        "transformData": {
          "eulerOrder": "ZYX",
          "translation": [
            -9.682125934329378e-11,
            0.1446868035832706,
            -9.326344141413756e-10
          ],
          "preRotation": [
            -11.012545637129454,
            8.228195144210124e-8,
            -1.2622930868729558
          ],
          "parentMatrixWorld": {
            "elements": [
              0.2772363027723104,
              0.011337650844662428,
              -0.9607348650777873,
              0,
              0.9321957380534004,
              -0.24535484579261557,
              0.2661054112241878,
              0,
              -0.23270395195996507,
              -0.9693670314184624,
              -0.07859017449811367,
              0,
              0.06985659897327423,
              0.1464771249940866,
              -0.001767481021619055,
              1
            ]
          }
        }
      },
      "children": [
        17
      ]
    },
    {
      "rotation": [
        0.6326889684242645,
        0.37282671106466736,
        -0.47157405794906476,
        0.48818317700387626
      ],
      "translation": [
        0.06985659897327423,
        0.1464771249940866,
        -0.001767481021619055
      ],
      "name": "mixamorigLeftShoulder",
      "extras": {
        "transformData": {
          "eulerOrder": "ZYX",
          "translation": [
            0.06985659897327423,
            0.1464771249940866,
            -0.001767481021619055
          ],
          "preRotation": [
            -74.64691932408017,
            88.60538379230748,
            -178.9219703942357
          ],
          "parentMatrixWorld": {
            "elements": [
              0.99688294971048,
              0.007352031328691383,
              0.07855146216550762,
              0,
              -0.01465846947218011,
              0.9955724438060655,
              0.09284739307988142,
              0,
              -0.07752105420935915,
              -0.09370942729703767,
              0.9925769639587206,
              0,
              0,
              0.1466842773956658,
              6.909127298060369e-10,
              1
            ]
          }
        }
      },
      "children": [
        18
      ]
    },
    {
      "rotation": [
        1.8820323012189642e-9,
        2.775557657485863e-17,
        2.775557647038485e-17,
        1
      ],
      "translation": [
        -0.009255694428790484,
        0.03003068349031124,
        5.461542329499025e-11
      ],
      "name": "mixamorigRightHandThumb4",
      "extras": {
        "transformData": {
          "eulerOrder": "ZYX",
          "translation": [
            -0.009255694428790484,
            0.03003068349031124,
            5.461542329499025e-11
          ],
          "preRotation": [
            2.1566501553428143e-7,
            3.1805547853972387e-15,
            3.1805547853972387e-15
          ],
          "parentMatrixWorld": {
            "elements": [
              0.9915807928388594,
              -0.10753668005071937,
              -0.07213455112114076,
              0,
              0.0838183682346676,
              0.9576520253103125,
              -0.27545794289077163,
              0,
              0.09870163204454585,
              0.2670926049122423,
              0.9586029037079937,
              0,
              -0.0014925610216264262,
              0.038154343674358576,
              9.05855168653602e-10,
              1
            ]
          }
        }
      }
    },
    {
      "rotation": [
        -0.13722778856754303,
        0.0432097464799881,
        -0.04839960113167763,
        0.9884123206138611
      ],
      "translation": [
        -0.0014925610216264262,
        0.038154343674358576,
        9.05855168653602e-10
      ],
      "name": "mixamorigRightHandThumb3",
      "extras": {
        "transformData": {
          "eulerOrder": "ZYX",
          "translation": [
            -0.0014925610216264262,
            0.038154343674358576,
            9.05855168653602e-10
          ],
          "preRotation": [
            -5.3450216774555255,
            -3.1805546814635168e-15,
            0
          ],
          "parentMatrixWorld": {
            "elements": [
              0.9803353768606271,
              0.1939151493924406,
              0.036598704252767345,
              0,
              -0.18986002352447928,
              0.977393455660104,
              -0.09303335937747254,
              0,
              -0.05381191117362638,
              0.08425526289722934,
              0.9949901151555054,
              0,
              0.010748258582402692,
              0.04172349872170737,
              1.531752280570231e-9,
              1
            ]
          }
        }
      },
      "children": [
        20
      ]
    },
    {
      "rotation": [
        -0.04458644986152649,
        -0.02273743413388729,
        0.09651590883731842,
        0.9940723180770874
      ],
      "translation": [
        0.010748258582402692,
        0.04172349872170737,
        1.531752280570231e-9
      ],
      "name": "mixamorigRightHandThumb2",
      "extras": {
        "transformData": {
          "eulerOrder": "ZYX",
          "translation": [
            0.010748258582402692,
            0.04172349872170737,
            1.531752280570231e-9
          ],
          "preRotation": [
            -6.170199269851934,
            -1.5902773407317588e-15,
            -3.1805546814635176e-15
          ],
          "parentMatrixWorld": {
            "elements": [
              0.997728950666142,
              -0.06457232764455911,
              -0.019166516356994068,
              0,
              0.06725696589585305,
              0.9395772906254548,
              0.33566502845922,
              0,
              -0.003666249470954286,
              -0.33619179837498814,
              0.9417864032374914,
              0,
              0.011446643350765617,
              0.04652238136100795,
              0.024601324689233373,
              1
            ]
          }
        }
      },
      "children": [
        21
      ]
    },
    {
      "rotation": [
        0.1705617606639862,
        0.003934994339942932,
        -0.03346700593829155,
        0.9847705960273743
      ],
      "translation": [
        0.011446643350765617,
        0.04652238136100795,
        0.024601324689233373
      ],
      "scale": [
        1,
        0.9999999999999999,
        1
      ],
      "name": "mixamorigRightHandThumb1",
      "extras": {
        "transformData": {
          "eulerOrder": "ZYX",
          "translation": [
            0.011446643350765617,
            0.04652238136100795,
            0.024601324689233373
          ],
          "preRotation": [
            28.144911130665577,
            -0.000005550883176497624,
            2.4630625151378114
          ],
          "parentMatrixWorld": {
            "elements": [
              0.996376979912883,
              -0.0006059730077685193,
              -0.08504438014554334,
              0,
              0.012183923249663144,
              0.9906767692816361,
              0.1356874738408868,
              0,
              0.08416926880918088,
              -0.13623204960576965,
              0.9870949105758864,
              0,
              1.256055386436583e-9,
              0.275294929158419,
              1.489928180831157e-10,
              1
            ]
          }
        }
      },
      "children": [
        22
      ]
    },
    {
      "rotation": [
        2.898438962643595e-8,
        1.6089568525606913e-24,
        5.551115180611568e-17,
        0.9999999999999996
      ],
      "translation": [
        -0.00011319776960450056,
        0.022929488363374162,
        1.1207612615748985e-10
      ],
      "name": "mixamorigRightHandIndex4",
      "extras": {
        "transformData": {
          "eulerOrder": "ZYX",
          "translation": [
            -0.00011319776960450056,
            0.022929488363374162,
            1.1207612615748985e-10
          ],
          "preRotation": [
            0.0000033213663947150897,
            0,
            6.361109428800894e-15
          ],
          "parentMatrixWorld": {
            "elements": [
              0.9939042044368499,
              0.10169998727706692,
              0.042562252118300226,
              0,
              -0.09926020477062308,
              0.6574715440657033,
              0.7469127112191963,
              0,
              0.04797754127121667,
              -0.7465844218973238,
              0.6635584931922252,
              0,
              -0.00008925990871211376,
              0.03005540563938447,
              6.286735576566116e-10,
              1
            ]
          }
        }
      }
    },
    {
      "rotation": [
        0.41014453768730164,
        0.001487147994339466,
        0.055187735706567764,
        0.9103480577468872
      ],
      "translation": [
        -0.00008925990871211376,
        0.03005540563938447,
        6.286735576566116e-10
      ],
      "name": "mixamorigRightHandIndex3",
      "extras": {
        "transformData": {
          "eulerOrder": "ZYX",
          "translation": [
            -0.00008925990871211376,
            0.03005540563938447,
            6.286735576566116e-10
          ],
          "preRotation": [
            2.9348017658518004,
            3.1805546814635168e-15,
            0
          ],
          "parentMatrixWorld": {
            "elements": [
              0.9921370316078967,
              0.10840425288466643,
              0.0625510007608184,
              0,
              -0.1091938252315588,
              0.5055022190385898,
              0.8558879403808766,
              0,
              0.061162229120286384,
              -0.855988303608546,
              0.5133645468845746,
              0,
              0.00020245816492159285,
              0.03242921425261249,
              -6.83374468124498e-10,
              1
            ]
          }
        }
      },
      "children": [
        24
      ]
    },
    {
      "rotation": [
        0.4932723045349121,
        -0.0004001706256531179,
        0.06270027160644531,
        0.8676121830940247
      ],
      "translation": [
        0.00020245816492159285,
        0.03242921425261249,
        -6.83374468124498e-10
      ],
      "name": "mixamorigRightHandIndex2",
      "extras": {
        "transformData": {
          "eulerOrder": "ZYX",
          "translation": [
            0.00020245816492159285,
            0.03242921425261249,
            -6.83374468124498e-10
          ],
          "preRotation": [
            27.53006556583804,
            0,
            1.1927080055488188e-15
          ],
          "parentMatrixWorld": {
            "elements": [
              0.9311302989851327,
              0.35804380918087375,
              0.06928915944177483,
              0,
              -0.11957485234700371,
              0.12024841242309314,
              0.9855161357791866,
              0,
              0.3445260680922271,
              -0.925929171104463,
              0.1547799828873866,
              0,
              0.028946135300450204,
              0.13069406520642213,
              -0.0019555876395056515,
              1
            ]
          }
        }
      },
      "children": [
        25
      ]
    },
    {
      "rotation": [
        0.6434481143951416,
        0.09265275299549103,
        0.16078034043312073,
        0.7426571249961853
      ],
      "translation": [
        0.028946135300450204,
        0.13069406520642213,
        -0.0019555876395056515
      ],
      "name": "mixamorigRightHandIndex1",
      "extras": {
        "transformData": {
          "eulerOrder": "ZYX",
          "translation": [
            0.028946135300450204,
            0.13069406520642213,
            -0.0019555876395056515
          ],
          "preRotation": [
            8.993996749310499,
            -0.000003904580068147553,
            32.39018436119519
          ],
          "parentMatrixWorld": {
            "elements": [
              0.996376979912883,
              -0.0006059730077685193,
              -0.08504438014554334,
              0,
              0.012183923249663144,
              0.9906767692816361,
              0.1356874738408868,
              0,
              0.08416926880918088,
              -0.13623204960576965,
              0.9870949105758864,
              0,
              1.256055386436583e-9,
              0.275294929158419,
              1.489928180831157e-10,
              1
            ]
          }
        }
      },
      "children": [
        26
      ]
    },
    {
      "rotation": [
        -4.833304695942621e-9,
        1.3877787398621525e-17,
        2.7755575132620928e-17,
        1
      ],
      "translation": [
        -0.0003297160500060903,
        0.010458540908834357,
        5.7616134085947124e-11
      ],
      "name": "mixamorigRightHandMiddle4",
      "extras": {
        "transformData": {
          "eulerOrder": "ZYX",
          "translation": [
            -0.0003297160500060903,
            0.010458540908834357,
            5.7616134085947124e-11
          ],
          "preRotation": [
            -5.538559203565476e-7,
            1.590277309214292e-15,
            3.180554618428584e-15
          ],
          "parentMatrixWorld": {
            "elements": [
              0.9997836559233361,
              0.020175166875649235,
              0.005060038611430465,
              0,
              -0.01711775549084183,
              0.6598725955161011,
              0.7511824952311646,
              0,
              0.011816251358413785,
              -0.751106597851665,
              0.6600751895616519,
              0,
              0.0004012396999277801,
              0.018700140563654988,
              2.8995605916293243e-10,
              1
            ]
          }
        }
      }
    },
    {
      "rotation": [
        0.4122608006000519,
        0.0018540517194196582,
        0.010233988985419273,
        0.911006510257721
      ],
      "translation": [
        0.0004012396999277801,
        0.018700140563654988,
        2.8995605916293243e-10
      ],
      "name": "mixamorigRightHandMiddle3",
      "extras": {
        "transformData": {
          "eulerOrder": "ZYX",
          "translation": [
            0.0004012396999277801,
            0.018700140563654988,
            2.8995605916293243e-10
          ],
          "preRotation": [
            -13.085542418185941,
            7.951386703658792e-16,
            -3.1805546814635168e-15
          ],
          "parentMatrixWorld": {
            "elements": [
              0.994707762458533,
              0.08526780610104956,
              0.057322497809967676,
              0,
              -0.09245150023235149,
              0.4994090647110596,
              0.8614193669969828,
              0,
              0.0448239625339778,
              -0.8621600819890752,
              0.5046492096991113,
              0,
              -0.00007152476332628055,
              0.0167716526712669,
              -5.208107278775742e-10,
              1
            ]
          }
        }
      },
      "children": [
        28
      ]
    },
    {
      "rotation": [
        0.4976568818092346,
        -0.0036087585613131523,
        0.051313698291778564,
        0.8658472895622253
      ],
      "translation": [
        -0.00007152476332628055,
        0.0167716526712669,
        -5.208107278775742e-10
      ],
      "name": "mixamorigRightHandMiddle2",
      "extras": {
        "transformData": {
          "eulerOrder": "ZYX",
          "translation": [
            -0.00007152476332628055,
            0.0167716526712669,
            -5.208107278775742e-10
          ],
          "preRotation": [
            3.9707784530534234,
            0,
            0
          ],
          "parentMatrixWorld": {
            "elements": [
              0.9396033321773419,
              0.33797036677050585,
              0.05405184087900583,
              0,
              -0.0948581329485485,
              0.105403897956037,
              0.9898948614505503,
              0,
              0.3288578795329604,
              -0.9352357634830366,
              0.13109709731809083,
              0,
              -0.028946149516718478,
              0.1237083344637746,
              -0.004009179873914803,
              1
            ]
          }
        }
      },
      "children": [
        29
      ]
    },
    {
      "rotation": [
        0.6525148153305054,
        0.09314433485269547,
        0.14670537412166595,
        0.737581193447113
      ],
      "translation": [
        -0.028946149516718478,
        0.1237083344637746,
        -0.004009179873914803
      ],
      "name": "mixamorigRightHandMiddle1",
      "extras": {
        "transformData": {
          "eulerOrder": "ZYX",
          "translation": [
            -0.028946149516718478,
            0.1237083344637746,
            -0.004009179873914803
          ],
          "preRotation": [
            41.380937726579454,
